b0673 	 -15.4006174 	 -18.19414195 	 2.79352455 	 -187 	 -137
b0673 	 -15.4162753 	 -18.22584875 	 2.80957344999999 	 -186 	 -136
b0673 	 -15.4439558 	 -18.23874725 	 2.79479145 	 -185 	 -135
b0673 	 -15.4749521 	 -18.2355236 	 2.7605715 	 -184 	 -134
b0432 	 -13.1969209 	 -15.96213875 	 2.76521785 	 -228 	 -178
b0432 	 -13.1620111 	 -15.9356519 	 2.77364080000001 	 -227 	 -177
b0432 	 -13.1304358 	 -15.9090955 	 2.7786597 	 -226 	 -176
b0584 	 -16.1566408 	 -18.93031965 	 2.77367884999999 	 -203 	 -153
b0584 	 -16.0215054 	 -18.92171435 	 2.90020894999999 	 -202 	 -152
b0584 	 -15.8620166 	 -18.91159025 	 3.04957364999999 	 -201 	 -151
b0584 	 -15.6999901 	 -18.89050375 	 3.19051364999999 	 -200 	 -150
b0584 	 -15.5567043 	 -18.86135335 	 3.30464904999999 	 -199 	 -149
b0584 	 -15.4177793 	 -18.82021425 	 3.40243494999999 	 -198 	 -148
b0584 	 -15.270437 	 -18.78310515 	 3.51266814999999 	 -197 	 -147
b0584 	 -15.1269782 	 -18.747028 	 3.62004979999999 	 -196 	 -146
b0584 	 -14.9800458 	 -18.7078663 	 3.7278205 	 -195 	 -145
b0584 	 -14.8302149 	 -18.6758324 	 3.8456175 	 -194 	 -144
b0584 	 -14.6933164 	 -18.6490654 	 3.95574899999999 	 -193 	 -143
b0584 	 -14.5622975 	 -18.6184488 	 4.05615129999999 	 -192 	 -142
b0584 	 -14.4467487 	 -18.57828145 	 4.13153275 	 -191 	 -141
b0584 	 -14.3435607 	 -18.53571375 	 4.19215305 	 -190 	 -140
b0584 	 -14.2461058 	 -18.4951254 	 4.2490196 	 -189 	 -139
b0584 	 -14.1515494 	 -18.4556668 	 4.3041174 	 -188 	 -138
b0584 	 -14.0470343 	 -18.4216555 	 4.3746212 	 -187 	 -137
b0584 	 -13.9482336 	 -18.3970465 	 4.44881290000001 	 -186 	 -136
b0584 	 -13.8435794 	 -18.38786415 	 4.54428475 	 -185 	 -135
b0584 	 -13.7333425 	 -18.392336 	 4.6589935 	 -184 	 -134
b0584 	 -13.6348574 	 -18.3970954 	 4.76223800000001 	 -183 	 -133
b0584 	 -13.5311204 	 -18.40397695 	 4.87285655 	 -182 	 -132
b0584 	 -13.4359511 	 -18.42339425 	 4.98744315000001 	 -181 	 -131
b0584 	 -13.3693947 	 -18.44212735 	 5.07273265000001 	 -180 	 -130
b0584 	 -13.3300263 	 -18.4630089 	 5.13298260000001 	 -179 	 -129
b0584 	 -13.3060563 	 -18.4858322 	 5.17977590000001 	 -178 	 -128
b0584 	 -13.2815112 	 -18.51940555 	 5.23789435 	 -177 	 -127
b0584 	 -13.2497668 	 -18.56875525 	 5.31898845000001 	 -176 	 -126
b0584 	 -13.220857 	 -18.6183549 	 5.39749790000001 	 -175 	 -125
b0584 	 -13.1948457 	 -18.66271025 	 5.46786455000001 	 -174 	 -124
b0584 	 -13.1930487 	 -18.7037535 	 5.51070480000001 	 -173 	 -123
b0584 	 -13.2008683 	 -18.7311708 	 5.53030250000001 	 -172 	 -122
b0584 	 -13.2097442 	 -18.7423964 	 5.5326522 	 -171 	 -121
b0584 	 -13.2240637 	 -18.73504865 	 5.51098495 	 -170 	 -120
b0584 	 -13.235699 	 -18.7149039 	 5.47920490000001 	 -169 	 -119
b0584 	 -13.2811652 	 -18.68971025 	 5.40854505000001 	 -168 	 -118
b0584 	 -13.3610826 	 -18.64813125 	 5.28704865000001 	 -167 	 -117
b0584 	 -13.446188 	 -18.59505975 	 5.14887175000001 	 -166 	 -116
b0584 	 -13.4873121 	 -18.5469676 	 5.05965550000001 	 -165 	 -115
b0584 	 -13.5022219 	 -18.5072269 	 5.005005 	 -164 	 -114
b0584 	 -13.5133234 	 -18.46490545 	 4.95158205 	 -163 	 -113
b0584 	 -13.5167896 	 -18.40539035 	 4.88860075 	 -162 	 -112
b0584 	 -13.5303536 	 -18.34753315 	 4.81717955 	 -161 	 -111
b0584 	 -13.557286 	 -18.2932756 	 4.7359896 	 -160 	 -110
b0584 	 -13.5971508 	 -18.2347342 	 4.6375834 	 -159 	 -109
b0584 	 -13.6554855 	 -18.18614955 	 4.53066405 	 -158 	 -108
b0584 	 -13.7410082 	 -18.1426138 	 4.4016056 	 -157 	 -107
b0584 	 -13.868467 	 -18.10095395 	 4.23248695 	 -156 	 -106
b0584 	 -14.0387304 	 -18.0620122 	 4.0232818 	 -155 	 -105
b0584 	 -14.2181818 	 -18.02692005 	 3.80873825 	 -154 	 -104
b0584 	 -14.386167 	 -18.0054219 	 3.6192549 	 -153 	 -103
b0584 	 -14.5416258 	 -17.99513805 	 3.45351225 	 -152 	 -102
b0584 	 -14.7244117 	 -17.98460425 	 3.26019255 	 -151 	 -101
b0584 	 -14.9503969 	 -17.97145385 	 3.02105695 	 -150 	 -100
b0584 	 -15.1968933 	 -17.9632828 	 2.7663895 	 -149 	 -99
b0365 	 -12.3337847 	 -15.1256258 	 2.7918411 	 -221 	 -171
b0365 	 -12.2829914 	 -15.11541715 	 2.83242575 	 -220 	 -170
b0365 	 -12.22945 	 -15.1037912 	 2.8743412 	 -219 	 -169
b0365 	 -12.187074 	 -15.08983445 	 2.90276045 	 -218 	 -168
b0365 	 -12.14348 	 -15.0689453 	 2.9254653 	 -217 	 -167
b0365 	 -12.1173596 	 -15.0491107 	 2.9317511 	 -216 	 -166
b0365 	 -12.1092544 	 -15.0278588 	 2.9186044 	 -215 	 -165
b0365 	 -12.110292 	 -15.01805245 	 2.90776045 	 -214 	 -164
b0365 	 -12.108495 	 -15.0092348 	 2.9007398 	 -213 	 -163
b0365 	 -12.1017356 	 -15.00013895 	 2.89840335 	 -212 	 -162
b0365 	 -12.1093709 	 -14.9876521 	 2.8782812 	 -211 	 -161
b0365 	 -12.1455739 	 -14.96717655 	 2.82160265 	 -210 	 -160
b0811 	 -14.8856367 	 -17.66074585 	 2.77510915000001 	 -242 	 -192
b0811 	 -14.8336293 	 -17.6397176 	 2.80608830000001 	 -241 	 -191
b0811 	 -14.7792233 	 -17.6287176 	 2.84949430000001 	 -240 	 -190
b0811 	 -14.7219827 	 -17.6298943 	 2.90791160000001 	 -239 	 -189
b0811 	 -14.6713172 	 -17.64297885 	 2.97166165000001 	 -238 	 -188
b0811 	 -14.6121744 	 -17.6563416 	 3.0441672 	 -237 	 -187
b0811 	 -14.5561518 	 -17.6610671 	 3.10491530000001 	 -236 	 -186
b0811 	 -14.5192307 	 -17.6568791 	 3.1376484 	 -235 	 -185
b0811 	 -14.508024 	 -17.64429445 	 3.13627045 	 -234 	 -184
b0811 	 -14.5115954 	 -17.64215905 	 3.13056365 	 -233 	 -183
b0811 	 -14.5366856 	 -17.64301995 	 3.10633435 	 -232 	 -182
b0811 	 -14.5713737 	 -17.63952745 	 3.06815375 	 -231 	 -181
b0811 	 -14.6142609 	 -17.6458113 	 3.0315504 	 -230 	 -180
b0811 	 -14.6738249 	 -17.65050115 	 2.97667625 	 -229 	 -179
b0811 	 -14.7468212 	 -17.65137335 	 2.90455215 	 -228 	 -178
b0811 	 -14.8095806 	 -17.66515535 	 2.85557475000001 	 -227 	 -177
b0811 	 -14.8464039 	 -17.6774881 	 2.8310842 	 -226 	 -176
b0811 	 -14.8916445 	 -17.67117795 	 2.77953345 	 -225 	 -175
b0592 	 -14.3106462 	 -17.1759995 	 2.86535330000001 	 -338 	 -288
b0592 	 -14.2078529 	 -17.2264883 	 3.01863540000001 	 -337 	 -287
b0592 	 -14.1149731 	 -17.2793079 	 3.1643348 	 -336 	 -286
b0592 	 -14.0248527 	 -17.3285974 	 3.30374470000001 	 -335 	 -285
b0592 	 -13.9503489 	 -17.37141135 	 3.42106245 	 -334 	 -284
b0592 	 -13.9116986 	 -17.4041012 	 3.49240260000001 	 -333 	 -283
b0592 	 -13.8848753 	 -17.43633245 	 3.55145715 	 -332 	 -282
b0592 	 -13.8622324 	 -17.4807404 	 3.61850800000001 	 -331 	 -281
b0592 	 -13.8553378 	 -17.5298871 	 3.67454930000001 	 -330 	 -280
b0592 	 -13.8558116 	 -17.58024615 	 3.72443455000001 	 -329 	 -279
b0592 	 -13.8615373 	 -17.6366165 	 3.7750792 	 -328 	 -278
b0592 	 -13.8770261 	 -17.68749435 	 3.81046825000001 	 -327 	 -277
b0592 	 -13.8932404 	 -17.7189473 	 3.82570690000001 	 -326 	 -276
b0592 	 -13.9202706 	 -17.74610705 	 3.82583645000001 	 -325 	 -275
b0592 	 -13.9572595 	 -17.77223485 	 3.81497535000001 	 -324 	 -274
b0592 	 -14.002098 	 -17.7812818 	 3.7791838 	 -323 	 -273
b0592 	 -14.0483462 	 -17.7913607 	 3.74301450000001 	 -322 	 -272
b0592 	 -14.0938124 	 -17.80975345 	 3.71594105 	 -321 	 -271
b0592 	 -14.1344779 	 -17.827868 	 3.6933901 	 -320 	 -270
b0592 	 -14.1445231 	 -17.84670435 	 3.70218125 	 -319 	 -269
b0592 	 -14.1459367 	 -17.8622062 	 3.71626950000001 	 -318 	 -268
b0592 	 -14.1687187 	 -17.86553135 	 3.69681265 	 -317 	 -267
b0592 	 -14.2176963 	 -17.8593753 	 3.641679 	 -316 	 -266
b0592 	 -14.2561888 	 -17.8508076 	 3.5946188 	 -315 	 -265
b0592 	 -14.2799519 	 -17.84051245 	 3.56056055 	 -314 	 -264
b0592 	 -14.290903 	 -17.8218902 	 3.5309872 	 -313 	 -263
b0592 	 -14.3034368 	 -17.81205365 	 3.50861685 	 -312 	 -262
b0592 	 -14.3448091 	 -17.81133185 	 3.46652275 	 -311 	 -261
b0592 	 -14.4029747 	 -17.8060893 	 3.40311459999999 	 -310 	 -260
b0592 	 -14.4678584 	 -17.80342575 	 3.33556734999999 	 -309 	 -259
b0592 	 -14.5588699 	 -17.79903475 	 3.24016484999999 	 -308 	 -258
b0592 	 -14.6631633 	 -17.78891065 	 3.12574735 	 -307 	 -257
b0592 	 -14.7879492 	 -17.79535425 	 3.00740505 	 -306 	 -256
b0592 	 -14.932596 	 -17.81205345 	 2.87945745 	 -305 	 -255
b0592 	 -15.0659909 	 -17.83448575 	 2.76849485 	 -304 	 -254
b0592 	 -16.6161522 	 -19.41969495 	 2.80354275000001 	 -217 	 -167
b0592 	 -16.4953176 	 -19.4261142 	 2.93079660000001 	 -216 	 -166
b0592 	 -16.4051033 	 -19.4335654 	 3.02846210000001 	 -215 	 -165
b0592 	 -16.3357875 	 -19.434573 	 3.09878550000001 	 -214 	 -164
b0592 	 -16.265934 	 -19.4312272 	 3.16529320000001 	 -213 	 -163
b0592 	 -16.2127347 	 -19.4274228 	 3.21468810000001 	 -212 	 -162
b0592 	 -16.1640505 	 -19.43387965 	 3.26982915000001 	 -211 	 -161
b0592 	 -16.1004678 	 -19.44365795 	 3.34319015000002 	 -210 	 -160
b0592 	 -16.0396445 	 -19.44866555 	 3.40902105000001 	 -209 	 -159
b0592 	 -16.0025543 	 -19.4472765 	 3.44472220000001 	 -208 	 -158
b0592 	 -15.9692837 	 -19.44203785 	 3.47275415000001 	 -207 	 -157
b0592 	 -15.9595245 	 -19.41576725 	 3.45624275000001 	 -206 	 -156
b0592 	 -15.9665321 	 -19.3809309 	 3.41439880000001 	 -205 	 -155
b0592 	 -15.9825434 	 -19.33504935 	 3.35250595000001 	 -204 	 -154
b0592 	 -16.0044269 	 -19.289446 	 3.28501910000001 	 -203 	 -153
b0592 	 -16.0314684 	 -19.2446077 	 3.21313930000001 	 -202 	 -152
b0592 	 -16.0268181 	 -19.1923408 	 3.16552270000001 	 -201 	 -151
b0592 	 -16.0080513 	 -19.1405777 	 3.13252640000001 	 -200 	 -150
b0592 	 -16.0083408 	 -19.08271115 	 3.07437035000001 	 -199 	 -149
b0592 	 -16.0271454 	 -19.0300026 	 3.00285720000001 	 -198 	 -148
b0592 	 -16.0516718 	 -18.9778222 	 2.92615040000001 	 -197 	 -147
b0592 	 -16.0808598 	 -18.92968505 	 2.84882525000001 	 -196 	 -146
b0592 	 -16.1196457 	 -18.88367005 	 2.76402435000001 	 -195 	 -145
b0241 	 -14.0923583 	 -16.9955066 	 2.90314829999999 	 -117 	 -67
b0241 	 -13.9376589 	 -17.0284051 	 3.09074619999999 	 -116 	 -66
b0241 	 -13.7811851 	 -17.05436945 	 3.27318434999999 	 -115 	 -65
b0241 	 -13.6247113 	 -17.08411385 	 3.45940255 	 -114 	 -64
b0241 	 -13.4681058 	 -17.11100105 	 3.64289525 	 -113 	 -63
b0116 	 -15.3837435 	 -18.15430495 	 2.77056145000001 	 -215 	 -165
b0116 	 -15.3397322 	 -18.2180513 	 2.8783191 	 -214 	 -164
b0116 	 -15.2794653 	 -18.28853075 	 3.00906545 	 -213 	 -163
b0116 	 -15.2326307 	 -18.3713523 	 3.13872160000001 	 -212 	 -162
b0116 	 -15.2116157 	 -18.46149335 	 3.24987765000001 	 -211 	 -161
b0116 	 -15.1898187 	 -18.5511758 	 3.3613571 	 -210 	 -160
b0116 	 -15.1750254 	 -18.62363265 	 3.44860725000001 	 -209 	 -159
b0116 	 -15.1845855 	 -18.6839128 	 3.4993273 	 -208 	 -158
b0116 	 -15.2094314 	 -18.7425257 	 3.5330943 	 -207 	 -157
b0116 	 -15.2287585 	 -18.7967476 	 3.5679891 	 -206 	 -156
b0116 	 -15.2536683 	 -18.84624205 	 3.59257375 	 -205 	 -155
b0116 	 -15.2572284 	 -18.89237745 	 3.63514905 	 -204 	 -154
b0116 	 -15.2346607 	 -18.93982495 	 3.70516425 	 -203 	 -153
b0116 	 -15.2048711 	 -18.97622725 	 3.77135615 	 -202 	 -152
b0116 	 -15.1621304 	 -19.0061164 	 3.843986 	 -201 	 -151
b0116 	 -15.1377657 	 -19.0393646 	 3.9015989 	 -200 	 -150
b0116 	 -15.1389237 	 -19.06811095 	 3.92918725 	 -199 	 -149
b0116 	 -15.1286155 	 -19.08759975 	 3.95898425 	 -198 	 -148
b0116 	 -15.0951832 	 -19.09395315 	 3.99876995000001 	 -197 	 -147
b0116 	 -15.0604238 	 -19.0922483 	 4.0318245 	 -196 	 -146
b0116 	 -15.0391719 	 -19.0903385 	 4.05116660000001 	 -195 	 -145
b0116 	 -15.0308072 	 -19.08490055 	 4.05409335 	 -194 	 -144
b0116 	 -15.0311493 	 -19.07659605 	 4.04544675 	 -193 	 -143
b0116 	 -15.0418109 	 -19.07114875 	 4.02933785 	 -192 	 -142
b0116 	 -15.0654049 	 -19.0669138 	 4.0015089 	 -191 	 -141
b0116 	 -15.1297996 	 -19.0646582 	 3.9348586 	 -190 	 -140
b0116 	 -15.2218635 	 -19.0626282 	 3.8407647 	 -189 	 -139
b0116 	 -15.3330928 	 -19.07319025 	 3.74009745 	 -188 	 -138
b0116 	 -15.483574 	 -19.09627675 	 3.61270275 	 -187 	 -137
b0116 	 -15.6440139 	 -19.11196095 	 3.46794705 	 -186 	 -136
b0116 	 -15.7843034 	 -19.1230418 	 3.3387384 	 -185 	 -135
b0116 	 -15.9089763 	 -19.13316025 	 3.22418395 	 -184 	 -134
b0116 	 -16.0303334 	 -19.14955495 	 3.11922155 	 -183 	 -133
b0116 	 -16.1540891 	 -19.1616132 	 3.0075241 	 -182 	 -132
b0116 	 -16.2778448 	 -19.16150975 	 2.88366495 	 -181 	 -131
b0698 	 -14.3494403 	 -17.14588765 	 2.79644735 	 -251 	 -201
b0698 	 -14.2754816 	 -17.1673369 	 2.8918553 	 -250 	 -200
b0698 	 -14.220038 	 -17.19547035 	 2.97543235 	 -249 	 -199
b0698 	 -14.1617598 	 -17.23517715 	 3.07341735 	 -248 	 -198
b0698 	 -14.1111169 	 -17.2798031 	 3.1686862 	 -247 	 -197
b0698 	 -14.0833838 	 -17.33156445 	 3.24818065 	 -246 	 -196
b0698 	 -14.0845153 	 -17.3823897 	 3.2978744 	 -245 	 -195
b0698 	 -14.0684927 	 -17.42996305 	 3.36147035 	 -244 	 -194
b0698 	 -14.0431243 	 -17.48085785 	 3.43773355 	 -243 	 -193
b0698 	 -14.0240641 	 -17.5398861 	 3.515822 	 -242 	 -192
b0698 	 -14.023519 	 -17.6141756 	 3.5906566 	 -241 	 -191
b0698 	 -14.0389513 	 -17.70122645 	 3.66227515 	 -240 	 -190
b0698 	 -14.0534664 	 -17.7873186 	 3.7338522 	 -239 	 -189
b0698 	 -14.0393686 	 -17.87461005 	 3.83524145 	 -238 	 -188
b0698 	 -14.0044927 	 -17.96353115 	 3.95903845 	 -237 	 -187
b0698 	 -13.9566844 	 -18.042206 	 4.0855216 	 -236 	 -186
b0698 	 -13.890361 	 -18.10922295 	 4.21886195 	 -235 	 -185
b0698 	 -13.8177294 	 -18.16492975 	 4.34720035 	 -234 	 -184
b0698 	 -13.741782 	 -18.2110858 	 4.4693038 	 -233 	 -183
b0698 	 -13.653173 	 -18.2491836 	 4.5960106 	 -232 	 -182
b0698 	 -13.5623045 	 -18.2822438 	 4.7199393 	 -231 	 -181
b0698 	 -13.5042067 	 -18.3102175 	 4.8060108 	 -230 	 -180
b0698 	 -13.4739624 	 -18.33606905 	 4.86210665 	 -229 	 -179
b0698 	 -13.4514173 	 -18.3571462 	 4.90572890000001 	 -228 	 -178
b0698 	 -13.4176203 	 -18.36169325 	 4.94407295000001 	 -227 	 -177
b0698 	 -13.3922406 	 -18.33904665 	 4.94680605 	 -226 	 -176
b0698 	 -13.3484849 	 -18.2978267 	 4.9493418 	 -225 	 -175
b0698 	 -13.3197894 	 -18.24890755 	 4.92911815 	 -224 	 -174
b0698 	 -13.3086879 	 -18.19390755 	 4.88521965 	 -223 	 -173
b0698 	 -13.2975864 	 -18.15388125 	 4.85629485 	 -222 	 -172
b0698 	 -13.2869848 	 -18.12665195 	 4.83966715 	 -221 	 -171
b0698 	 -13.2773908 	 -18.1082516 	 4.83086080000001 	 -220 	 -170
b0698 	 -13.2739472 	 -18.1023381 	 4.8283909 	 -219 	 -169
b0698 	 -13.268887 	 -18.10020465 	 4.83131765000001 	 -218 	 -168
b0698 	 -13.2547592 	 -18.09976105 	 4.84500185000001 	 -217 	 -167
b0698 	 -13.235669 	 -18.10140765 	 4.86573865000001 	 -216 	 -166
b0698 	 -13.1932517 	 -18.09087755 	 4.89762585000001 	 -215 	 -165
b0698 	 -13.1432743 	 -18.0654959 	 4.92222160000001 	 -214 	 -164
b0698 	 -13.1208157 	 -18.040868 	 4.9200523 	 -213 	 -163
b0698 	 -13.1142932 	 -18.03194125 	 4.91764805 	 -212 	 -162
b0698 	 -13.130827 	 -18.03239985 	 4.90157285000001 	 -211 	 -161
b0698 	 -13.1532143 	 -18.03790735 	 4.88469305 	 -210 	 -160
b0698 	 -13.1712256 	 -18.03808775 	 4.86686215 	 -209 	 -159
b0698 	 -13.1892369 	 -18.0233603 	 4.83412340000001 	 -208 	 -158
b0698 	 -13.2239211 	 -18.00887345 	 4.78495235000001 	 -207 	 -157
b0698 	 -13.2854964 	 -17.99265915 	 4.70716275000001 	 -206 	 -156
b0698 	 -13.360504 	 -17.9683114 	 4.60780740000001 	 -205 	 -155
b0698 	 -13.4592634 	 -17.93494105 	 4.47567765000001 	 -204 	 -154
b0698 	 -13.5566957 	 -17.90200495 	 4.34530925000001 	 -203 	 -153
b0698 	 -13.6429739 	 -17.8683977 	 4.22542380000001 	 -202 	 -152
b0698 	 -13.7298272 	 -17.83479045 	 4.10496325000001 	 -201 	 -151
b0698 	 -13.8112408 	 -17.8003336 	 3.98909280000001 	 -200 	 -150
b0698 	 -13.8679702 	 -17.7642095 	 3.89623930000001 	 -199 	 -149
b0698 	 -13.8919289 	 -17.7283636 	 3.83643470000001 	 -198 	 -148
b0698 	 -13.9035755 	 -17.69644815 	 3.79287265 	 -197 	 -147
b0698 	 -13.9001619 	 -17.6695816 	 3.7694197 	 -196 	 -146
b0698 	 -13.8907296 	 -17.65466615 	 3.76393655000001 	 -195 	 -145
b0698 	 -13.8855416 	 -17.65106085 	 3.76551925 	 -194 	 -144
b0698 	 -13.885316 	 -17.64007585 	 3.75475985 	 -193 	 -143
b0698 	 -13.8706957 	 -17.62364725 	 3.75295155 	 -192 	 -142
b0698 	 -13.8398085 	 -17.60721865 	 3.76741015 	 -191 	 -141
b0698 	 -13.7932408 	 -17.58843665 	 3.79519585 	 -190 	 -140
b0698 	 -13.7570678 	 -17.56348555 	 3.80641775 	 -189 	 -139
b0698 	 -13.7394099 	 -17.5397205 	 3.8003106 	 -188 	 -138
b0698 	 -13.7208948 	 -17.53414345 	 3.81324865000001 	 -187 	 -137
b0698 	 -13.7252708 	 -17.54904195 	 3.82377115 	 -186 	 -136
b0698 	 -13.7457633 	 -17.56892915 	 3.82316585 	 -185 	 -135
b0698 	 -13.7746731 	 -17.5854536 	 3.8107805 	 -184 	 -134
b0698 	 -13.8184401 	 -17.5931641 	 3.774724 	 -183 	 -133
b0698 	 -13.8995529 	 -17.58747425 	 3.68792135000001 	 -182 	 -132
b0698 	 -13.9993312 	 -17.57205325 	 3.57272205000001 	 -181 	 -131
b0698 	 -14.1154516 	 -17.55971115 	 3.44425955000001 	 -180 	 -130
b0698 	 -14.2375494 	 -17.5511867 	 3.31363730000001 	 -179 	 -129
b0698 	 -14.3682149 	 -17.54096675 	 3.17275185 	 -178 	 -128
b0698 	 -14.5179819 	 -17.5319461 	 3.01396420000001 	 -177 	 -127
b0698 	 -14.6878993 	 -17.53532015 	 2.84742085000001 	 -176 	 -126
b0889 	 -16.2136488 	 -18.9853738 	 2.771725 	 -254 	 -204
b0889 	 -16.1291263 	 -18.99616515 	 2.86703885 	 -253 	 -203
b0889 	 -16.0554045 	 -18.9947309 	 2.93932639999999 	 -252 	 -202
b0889 	 -15.9841565 	 -18.9878587 	 3.0037022 	 -251 	 -201
b0889 	 -15.9197431 	 -18.9771369 	 3.0573938 	 -250 	 -200
b0889 	 -15.8690476 	 -18.96995455 	 3.10090695 	 -249 	 -199
b0889 	 -15.8179913 	 -18.97419515 	 3.15620384999999 	 -248 	 -198
b0889 	 -15.7660778 	 -18.98370265 	 3.21762485 	 -247 	 -197
b0889 	 -15.7194614 	 -18.9860128 	 3.2665514 	 -246 	 -196
b0889 	 -15.6761608 	 -18.97710865 	 3.30094785 	 -245 	 -195
b0889 	 -15.6361947 	 -18.9665466 	 3.3303519 	 -244 	 -194
b0889 	 -15.5927924 	 -18.94290935 	 3.35011695 	 -243 	 -193
b0889 	 -15.542672 	 -18.9070728 	 3.3644008 	 -242 	 -192
b0889 	 -15.5225329 	 -18.8771743 	 3.3546414 	 -241 	 -191
b0889 	 -15.5458487 	 -18.8457307 	 3.299882 	 -240 	 -190
b0889 	 -15.5758074 	 -18.81439795 	 3.23859055 	 -239 	 -189
b0889 	 -15.5862773 	 -18.79770245 	 3.21142515 	 -238 	 -188
b0889 	 -15.5901682 	 -18.7859863 	 3.19581810000001 	 -237 	 -187
b0889 	 -15.5795253 	 -18.7700615 	 3.19053620000001 	 -236 	 -186
b0889 	 -15.5609011 	 -18.75031905 	 3.18941795000001 	 -235 	 -185
b0889 	 -15.5550702 	 -18.71889045 	 3.16382025000001 	 -234 	 -184
b0889 	 -15.5504573 	 -18.68746185 	 3.13700455000001 	 -233 	 -183
b0889 	 -15.5200248 	 -18.66316105 	 3.14313625000001 	 -232 	 -182
b0889 	 -15.4688142 	 -18.64516105 	 3.17634685000001 	 -231 	 -181
b0889 	 -15.4123517 	 -18.6321404 	 3.21978870000001 	 -230 	 -180
b0889 	 -15.3701448 	 -18.63575505 	 3.26561025000001 	 -229 	 -179
b0889 	 -15.356656 	 -18.64892045 	 3.29226445000001 	 -228 	 -178
b0889 	 -15.3398327 	 -18.66190545 	 3.32207275 	 -227 	 -177
b0889 	 -15.3021109 	 -18.66710845 	 3.36499755 	 -226 	 -176
b0889 	 -15.2570507 	 -18.6721028 	 3.41505210000001 	 -225 	 -175
b0889 	 -15.2148251 	 -18.68038665 	 3.46556155 	 -224 	 -174
b0889 	 -15.1724604 	 -18.68574375 	 3.51328335 	 -223 	 -173
b0889 	 -15.1218175 	 -18.6923697 	 3.5705522 	 -222 	 -172
b0889 	 -15.086716 	 -18.69779635 	 3.61108035 	 -221 	 -171
b0889 	 -15.0678814 	 -18.69577375 	 3.62789235 	 -220 	 -170
b0889 	 -15.0768325 	 -18.69633015 	 3.61949765 	 -219 	 -169
b0889 	 -15.1191633 	 -18.702223 	 3.58305969999999 	 -218 	 -168
b0889 	 -15.1772498 	 -18.7184373 	 3.54118749999999 	 -217 	 -167
b0889 	 -15.2486747 	 -18.73298805 	 3.48431334999999 	 -216 	 -166
b0889 	 -15.317701 	 -18.73063465 	 3.41293364999999 	 -215 	 -165
b0889 	 -15.3678514 	 -18.72855945 	 3.36070804999999 	 -214 	 -164
b0889 	 -15.4358966 	 -18.72139775 	 3.28550114999999 	 -213 	 -163
b0889 	 -15.5108816 	 -18.7071778 	 3.19629619999999 	 -212 	 -162
b0889 	 -15.593205 	 -18.68888265 	 3.09567764999999 	 -211 	 -161
b0889 	 -15.6731298 	 -18.66292025 	 2.98979045 	 -210 	 -160
b0889 	 -15.7488103 	 -18.63250665 	 2.88369635 	 -209 	 -159
b0889 	 -15.8329081 	 -18.60297285 	 2.77006475 	 -208 	 -158
b0118 	 -15.4336188 	 -18.2024971 	 2.76887829999999 	 -130 	 -80
b0118 	 -15.4573067 	 -18.239719 	 2.78241229999999 	 -129 	 -79
b0118 	 -15.4918105 	 -18.26221345 	 2.77040294999999 	 -128 	 -78
b0118 	 -15.5140022 	 -18.28343905 	 2.76943684999999 	 -127 	 -77
b0118 	 -15.5162804 	 -18.3174147 	 2.80113429999999 	 -126 	 -76
b0118 	 -15.5247277 	 -18.3525651 	 2.82783739999999 	 -125 	 -75
b0118 	 -15.5288029 	 -18.39542795 	 2.86662504999999 	 -124 	 -74
b0118 	 -15.5167503 	 -18.44686785 	 2.93011754999999 	 -123 	 -73
b0118 	 -15.5097466 	 -18.4982382 	 2.98849159999999 	 -122 	 -72
b0118 	 -15.5021865 	 -18.5425503 	 3.04036379999999 	 -121 	 -71
b0118 	 -15.4707842 	 -18.5820917 	 3.11130749999999 	 -120 	 -70
b0118 	 -15.4495736 	 -18.6177835 	 3.16820989999999 	 -119 	 -69
b0118 	 -15.4307616 	 -18.6536557 	 3.2228941 	 -118 	 -68
b0118 	 -15.4062165 	 -18.6964603 	 3.2902438 	 -117 	 -67
b0118 	 -15.394333 	 -18.7357498 	 3.3414168 	 -116 	 -66
b0118 	 -15.4001826 	 -18.76594715 	 3.36576454999999 	 -115 	 -65
b0118 	 -15.4303856 	 -18.7815768 	 3.35119119999999 	 -114 	 -64
b0118 	 -15.4763743 	 -18.7934264 	 3.31705209999999 	 -113 	 -63
b0077 	 -14.7020002 	 -17.48970025 	 2.78770004999999 	 -135 	 -85
b0077 	 -14.6026318 	 -17.50447095 	 2.90183915 	 -134 	 -84
b0077 	 -14.5237559 	 -17.5102586 	 2.9865027 	 -133 	 -83
b0077 	 -14.4709552 	 -17.51095975 	 3.04000455 	 -132 	 -82
b0077 	 -14.4535229 	 -17.516988 	 3.06346509999999 	 -131 	 -81
b0077 	 -14.4602184 	 -17.52536965 	 3.06515125 	 -130 	 -80
b0077 	 -14.4539628 	 -17.5395107 	 3.0855479 	 -129 	 -79
b0077 	 -14.4349139 	 -17.54283215 	 3.10791825 	 -128 	 -78
b0077 	 -14.4314816 	 -17.5313603 	 3.0998787 	 -127 	 -77
b0077 	 -14.4519515 	 -17.52256525 	 3.07061374999999 	 -126 	 -76
b0077 	 -14.4747635 	 -17.52551265 	 3.05074914999999 	 -125 	 -75
b0077 	 -14.494677 	 -17.55439615 	 3.05971915 	 -124 	 -74
b0077 	 -14.5552108 	 -17.5937289 	 3.0385181 	 -123 	 -73
b0077 	 -14.6390904 	 -17.6249282 	 2.98583779999999 	 -122 	 -72
b0077 	 -14.7560528 	 -17.6386124 	 2.88255959999999 	 -121 	 -71
b0077 	 -14.8829739 	 -17.65680605 	 2.77383214999999 	 -120 	 -70
b0388 	 -14.2771177 	 -17.0650747 	 2.787957 	 -153 	 -103
b0388 	 -14.1483431 	 -17.11419685 	 2.96585375 	 -152 	 -102
b0388 	 -14.0093955 	 -17.16288865 	 3.15349315 	 -151 	 -101
b0388 	 -13.8534629 	 -17.2022101 	 3.3487472 	 -150 	 -100
b0388 	 -13.7070078 	 -17.2379319 	 3.5309241 	 -149 	 -99
b0388 	 -13.5823836 	 -17.27147135 	 3.68908775 	 -148 	 -98
b0388 	 -13.460594 	 -17.2896687 	 3.8290747 	 -147 	 -97
b0388 	 -13.3463645 	 -17.30186605 	 3.95550155 	 -146 	 -96
b0388 	 -13.2617629 	 -17.313883 	 4.05212010000001 	 -145 	 -95
b0388 	 -13.2146388 	 -17.3229732 	 4.10833440000001 	 -144 	 -94
b0388 	 -13.1681011 	 -17.3371499 	 4.16904880000001 	 -143 	 -93
b0388 	 -13.1345145 	 -17.3519995 	 4.21748500000001 	 -142 	 -92
b0388 	 -13.1191648 	 -17.3603829 	 4.2412181 	 -141 	 -91
b0388 	 -13.1024467 	 -17.36480585 	 4.26235915000001 	 -140 	 -90
b0388 	 -13.1091496 	 -17.37258785 	 4.26343825000001 	 -139 	 -89
b0388 	 -13.1258112 	 -17.38398255 	 4.25817135000001 	 -138 	 -88
b0388 	 -13.150172 	 -17.4040371 	 4.25386510000001 	 -137 	 -87
b0388 	 -13.2076343 	 -17.43715555 	 4.22952125000001 	 -136 	 -86
b0388 	 -13.2981381 	 -17.4736687 	 4.17553060000001 	 -135 	 -85
b0388 	 -13.3901268 	 -17.5109243 	 4.12079750000001 	 -134 	 -84
b0388 	 -13.4971757 	 -17.56327205 	 4.06609635 	 -133 	 -83
b0388 	 -13.6118599 	 -17.63071195 	 4.01885205 	 -132 	 -82
b0388 	 -13.7194652 	 -17.69883605 	 3.97937085 	 -131 	 -81
b0388 	 -13.807969 	 -17.7693718 	 3.9614028 	 -130 	 -80
b0388 	 -13.8963224 	 -17.8441914 	 3.947869 	 -129 	 -79
b0388 	 -13.9684089 	 -17.92253915 	 3.95413025 	 -128 	 -78
b0388 	 -14.0216195 	 -18.0001425 	 3.97852300000001 	 -127 	 -77
b0388 	 -14.0648714 	 -18.0815937 	 4.01672230000001 	 -126 	 -76
b0388 	 -14.1010444 	 -18.15533245 	 4.05428805000001 	 -125 	 -75
b0388 	 -14.149879 	 -18.231184 	 4.081305 	 -124 	 -74
b0388 	 -14.1943489 	 -18.3053081 	 4.11095920000001 	 -123 	 -73
b0388 	 -14.2227023 	 -18.36442655 	 4.14172425000001 	 -122 	 -72
b0388 	 -14.2349392 	 -18.41474235 	 4.17980315 	 -121 	 -71
b0388 	 -14.2399768 	 -18.4631164 	 4.2231396 	 -120 	 -70
b0388 	 -14.2317964 	 -18.4975976 	 4.26580120000001 	 -119 	 -69
b0388 	 -14.2168979 	 -18.5084096 	 4.29151170000001 	 -118 	 -68
b0388 	 -14.2149318 	 -18.51779495 	 4.30286315 	 -117 	 -67
b0388 	 -14.2191348 	 -18.53070475 	 4.31156995 	 -116 	 -66
b0388 	 -14.2149205 	 -18.5354811 	 4.3205606 	 -115 	 -65
b0388 	 -14.2182663 	 -18.5369097 	 4.3186434 	 -114 	 -64
b0388 	 -14.2269092 	 -18.55104315 	 4.32413395 	 -113 	 -63
b1040 	 -13.6107226 	 -16.39466145 	 2.78393885 	 -184 	 -134
b1040 	 -13.6121775 	 -16.46069535 	 2.84851785 	 -183 	 -133
b1040 	 -13.6101775 	 -16.5094078 	 2.8992303 	 -182 	 -132
b1040 	 -13.6006174 	 -16.5471296 	 2.9465122 	 -181 	 -131
b1040 	 -13.5945122 	 -16.5778477 	 2.9833355 	 -180 	 -130
b1040 	 -13.5959671 	 -16.59973685 	 3.00376975 	 -179 	 -129
b1040 	 -13.5883844 	 -16.6191937 	 3.0308093 	 -178 	 -128
b1040 	 -13.5982866 	 -16.62647385 	 3.02818724999999 	 -177 	 -127
b1040 	 -13.6209821 	 -16.6213743 	 3.0003922 	 -176 	 -126
b1040 	 -13.6621927 	 -16.62764315 	 2.96545045 	 -175 	 -125
b1040 	 -13.7112529 	 -16.6392917 	 2.9280388 	 -174 	 -124
b1040 	 -13.7831251 	 -16.6471226 	 2.8639975 	 -173 	 -123
b1040 	 -13.8438167 	 -16.6499046 	 2.80608789999999 	 -172 	 -122
b0585 	 -15.1968933 	 -18.20211855 	 3.00522525000001 	 -135 	 -85
b0585 	 -14.9503969 	 -18.20706965 	 3.25667275000001 	 -134 	 -84
b0585 	 -14.7244117 	 -18.2041279 	 3.47971620000001 	 -133 	 -83
b0585 	 -14.5416258 	 -18.19893055 	 3.65730475000001 	 -132 	 -82
b0585 	 -14.386167 	 -18.1971279 	 3.81096090000001 	 -131 	 -81
b0585 	 -14.2181818 	 -18.20766735 	 3.98948555000001 	 -130 	 -80
b0585 	 -14.0387304 	 -18.2220564 	 4.18332600000001 	 -129 	 -79
b0585 	 -13.868467 	 -18.23644545 	 4.36797845000001 	 -128 	 -78
b0585 	 -13.7410082 	 -18.25415595 	 4.51314775000001 	 -127 	 -77
b0585 	 -13.6554855 	 -18.27352435 	 4.61803885 	 -126 	 -76
b0585 	 -13.5971508 	 -18.28456565 	 4.68741485000001 	 -125 	 -75
b0585 	 -13.557286 	 -18.29192275 	 4.73463675000001 	 -124 	 -74
b0585 	 -13.5303536 	 -18.29835875 	 4.76800515000001 	 -123 	 -73
b0585 	 -13.5167896 	 -18.30642635 	 4.78963675000001 	 -122 	 -72
b0585 	 -13.5133234 	 -18.3216763 	 4.8083529 	 -121 	 -71
b0585 	 -13.5022219 	 -18.3529206 	 4.8506987 	 -120 	 -70
b0585 	 -13.4873121 	 -18.3899356 	 4.9026235 	 -119 	 -69
b0585 	 -13.446188 	 -18.4233379 	 4.9771499 	 -118 	 -68
b0585 	 -13.3610826 	 -18.4459582 	 5.08487560000001 	 -117 	 -67
b0585 	 -13.2811652 	 -18.45383605 	 5.17267085000001 	 -116 	 -66
b0585 	 -13.235699 	 -18.45192625 	 5.21622725 	 -115 	 -65
b0585 	 -13.2240637 	 -18.44340745 	 5.21934375 	 -114 	 -64
b0585 	 -13.2097442 	 -18.4344244 	 5.2246802 	 -113 	 -63
b0112 	 -14.3254111 	 -17.1181193 	 2.79270820000001 	 -301 	 -251
b0112 	 -14.3130803 	 -17.17348965 	 2.86040935 	 -300 	 -250
b0112 	 -14.3400014 	 -17.21853855 	 2.87853715000001 	 -299 	 -249
b0112 	 -14.3770203 	 -17.2625292 	 2.8855089 	 -298 	 -248
b0112 	 -14.389355 	 -17.29576045 	 2.90640545 	 -297 	 -247
b0112 	 -14.3801144 	 -17.3230406 	 2.94292620000001 	 -296 	 -246
b0112 	 -14.3883587 	 -17.3359015 	 2.94754280000001 	 -295 	 -245
b0112 	 -14.4066369 	 -17.3365857 	 2.92994880000001 	 -294 	 -244
b0112 	 -14.4149564 	 -17.33899735 	 2.92404095 	 -293 	 -243
b0112 	 -14.405588 	 -17.341409 	 2.935821 	 -292 	 -242
b0112 	 -14.3931255 	 -17.34329055 	 2.95016505 	 -291 	 -241
b0112 	 -14.4023022 	 -17.3392586 	 2.9369564 	 -290 	 -240
b0112 	 -14.416836 	 -17.32440335 	 2.90756735 	 -289 	 -239
b0112 	 -14.4411968 	 -17.297206 	 2.85600920000001 	 -288 	 -238
b0112 	 -14.4867682 	 -17.2738263 	 2.78705810000001 	 -287 	 -237
b0112 	 -13.8816967 	 -16.6600143 	 2.7783176 	 -253 	 -203
b0112 	 -13.7903583 	 -16.657612 	 2.8672537 	 -252 	 -202
b0112 	 -13.7250951 	 -16.65807625 	 2.93298115 	 -251 	 -201
b0112 	 -13.6647717 	 -16.6661684 	 3.0013967 	 -250 	 -200
b0112 	 -13.5937641 	 -16.66801235 	 3.07424825 	 -249 	 -199
b0112 	 -13.5142001 	 -16.6635255 	 3.1493254 	 -248 	 -198
b0112 	 -13.4480684 	 -16.65783935 	 3.20977095 	 -247 	 -197
b0112 	 -13.4105909 	 -16.647845 	 3.2372541 	 -246 	 -196
b0112 	 -13.3904105 	 -16.64092585 	 3.25051535 	 -245 	 -195
b0112 	 -13.3673955 	 -16.63425665 	 3.26686114999999 	 -244 	 -194
b0112 	 -13.3409256 	 -16.62306495 	 3.28213935 	 -243 	 -193
b0112 	 -13.3167939 	 -16.6085518 	 3.2917579 	 -242 	 -192
b0112 	 -13.3018428 	 -16.58481305 	 3.28297025 	 -241 	 -191
b0112 	 -13.2958202 	 -16.5572247 	 3.2614045 	 -240 	 -190
b0112 	 -13.3012638 	 -16.52370025 	 3.22243645 	 -239 	 -189
b0112 	 -13.3342262 	 -16.4937735 	 3.1595473 	 -238 	 -188
b0112 	 -13.3587713 	 -16.4607622 	 3.1019909 	 -237 	 -187
b0112 	 -13.3807787 	 -16.41584305 	 3.03506435 	 -236 	 -186
b0112 	 -13.4319854 	 -16.37612125 	 2.94413585 	 -235 	 -185
b0112 	 -13.5065079 	 -16.34273025 	 2.83622235 	 -234 	 -184
b0779 	 -14.399369 	 -17.1741871 	 2.77481810000001 	 -279 	 -229
b0779 	 -14.4827074 	 -17.24715905 	 2.76445165000001 	 -274 	 -224
b0779 	 -14.4979367 	 -17.27061395 	 2.77267725000001 	 -273 	 -223
b0779 	 -14.5231999 	 -17.29406885 	 2.77086895000001 	 -272 	 -222
b0779 	 -14.5548165 	 -17.325582 	 2.77076550000001 	 -271 	 -221
b0957 	 -14.5176593 	 -17.32150055 	 2.80384125 	 -197 	 -147
b0957 	 -14.4839449 	 -17.31488395 	 2.83093905 	 -196 	 -146
b0957 	 -14.4568734 	 -17.30113955 	 2.84426615 	 -195 	 -145
b0957 	 -14.4375011 	 -17.2831865 	 2.8456854 	 -194 	 -144
b0957 	 -14.4280875 	 -17.2718331 	 2.8437456 	 -193 	 -143
b0957 	 -14.4255424 	 -17.26411695 	 2.83857455 	 -192 	 -142
b0957 	 -14.4392642 	 -17.2522278 	 2.8129636 	 -191 	 -141
b0957 	 -14.452986 	 -17.22919585 	 2.77620985 	 -190 	 -140
b1182 	 -14.7891625 	 -17.6514628 	 2.86230030000001 	 -342 	 -292
b1182 	 -14.6329669 	 -17.6923011 	 3.05933420000001 	 -341 	 -291
b1182 	 -14.4828578 	 -17.72638565 	 3.24352785 	 -340 	 -290
b1182 	 -14.3503427 	 -17.7482935 	 3.39795080000001 	 -339 	 -289
b1182 	 -14.2306096 	 -17.7680792 	 3.53746960000001 	 -338 	 -288
b1182 	 -14.1199215 	 -17.782816 	 3.66289450000001 	 -337 	 -287
b1182 	 -14.0440154 	 -17.7839588 	 3.73994340000001 	 -336 	 -286
b1182 	 -13.9915303 	 -17.7732633 	 3.781733 	 -335 	 -285
b1182 	 -13.9641167 	 -17.7577558 	 3.79363910000001 	 -334 	 -284
b1182 	 -13.9568348 	 -17.7365152 	 3.7796804 	 -333 	 -283
b1182 	 -13.9565001 	 -17.69904335 	 3.74254325 	 -332 	 -282
b1182 	 -13.957173 	 -17.6438873 	 3.68671430000001 	 -331 	 -281
b1182 	 -13.9850339 	 -17.5601692 	 3.5751353 	 -330 	 -280
b1182 	 -14.0480641 	 -17.47817855 	 3.43011445 	 -329 	 -279
b1182 	 -14.1174025 	 -17.40272735 	 3.28532485 	 -328 	 -278
b1182 	 -14.2133912 	 -17.3174998 	 3.10410860000001 	 -327 	 -277
b1182 	 -14.3273951 	 -17.24496405 	 2.91756895000001 	 -326 	 -276
b0463 	 -16.2453468 	 -19.0171965 	 2.7718497 	 -345 	 -295
b0463 	 -16.1911025 	 -19.02837885 	 2.83727635 	 -344 	 -294
b0463 	 -16.1531251 	 -19.03693525 	 2.88381015 	 -343 	 -293
b0463 	 -16.1314146 	 -19.0500011 	 2.91858649999999 	 -342 	 -292
b0463 	 -16.1174033 	 -19.0619372 	 2.94453389999999 	 -341 	 -291
b0463 	 -16.1047378 	 -19.0864936 	 2.9817558 	 -340 	 -290
b0463 	 -16.0907039 	 -19.1170613 	 3.02635739999999 	 -339 	 -289
b0463 	 -16.075279 	 -19.1361478 	 3.0608688 	 -338 	 -288
b0463 	 -16.0713768 	 -19.1422643 	 3.0708875 	 -337 	 -287
b0463 	 -16.0645196 	 -19.14260075 	 3.07808115 	 -336 	 -286
b0463 	 -16.0567452 	 -19.1269861 	 3.0702409 	 -335 	 -285
b0463 	 -16.0656737 	 -19.10685635 	 3.04118265 	 -334 	 -284
b0463 	 -16.1050008 	 -19.0906853 	 2.9856845 	 -333 	 -283
b0463 	 -16.1358541 	 -19.0731665 	 2.93731240000001 	 -332 	 -282
b0463 	 -16.1725609 	 -19.06284505 	 2.89028415 	 -331 	 -281
b0463 	 -16.1992338 	 -19.0525236 	 2.8532898 	 -330 	 -280
b0463 	 -16.2019406 	 -19.0462454 	 2.8443048 	 -329 	 -279
b0463 	 -16.1983392 	 -19.0268281 	 2.8284889 	 -328 	 -278
b0463 	 -16.1856963 	 -18.99584875 	 2.81015245 	 -327 	 -277
b0463 	 -16.1521549 	 -18.96110435 	 2.80894945 	 -326 	 -276
b0463 	 -16.1315233 	 -18.9163054 	 2.7847821 	 -325 	 -275
b0383 	 -15.0167935 	 -18.0717632 	 3.05496970000001 	 -350 	 -300
b0383 	 -15.0462936 	 -18.07683275 	 3.03053915000001 	 -349 	 -299
b0383 	 -15.0572786 	 -18.06578015 	 3.00850155000001 	 -348 	 -298
b0383 	 -15.0843801 	 -18.05053955 	 2.96615945000001 	 -347 	 -297
b0383 	 -15.1114816 	 -18.02380645 	 2.91232485000001 	 -346 	 -296
b0383 	 -15.1266396 	 -17.98966735 	 2.86302775000001 	 -345 	 -295
b0383 	 -15.1006096 	 -17.96936285 	 2.86875325000001 	 -344 	 -294
b0383 	 -15.0679367 	 -17.95387035 	 2.88593365000001 	 -343 	 -293
b0383 	 -15.0316698 	 -17.9343346 	 2.90266480000001 	 -342 	 -292
b0383 	 -15.002933 	 -17.93222745 	 2.92929445000001 	 -341 	 -291
b0383 	 -14.9693955 	 -17.9409173 	 2.97152180000001 	 -340 	 -290
b0383 	 -14.9335346 	 -17.94818985 	 3.01465525000002 	 -339 	 -289
b0383 	 -14.9228317 	 -17.96403945 	 3.04120775000001 	 -338 	 -288
b0383 	 -14.9335837 	 -17.98685905 	 3.05327535000001 	 -337 	 -287
b0383 	 -14.9602679 	 -18.00940045 	 3.04913255000001 	 -336 	 -286
b0383 	 -14.9970499 	 -18.0356241 	 3.03857420000001 	 -335 	 -285
b0383 	 -15.0423131 	 -18.07195685 	 3.02964375000001 	 -334 	 -284
b0383 	 -15.0819936 	 -18.11767495 	 3.03568135000001 	 -333 	 -283
b0383 	 -15.1292342 	 -18.1693648 	 3.0401306 	 -332 	 -282
b0383 	 -15.1859523 	 -18.2253235 	 3.03937120000001 	 -331 	 -281
b0383 	 -15.259505 	 -18.2705228 	 3.0110178 	 -330 	 -280
b0383 	 -15.3297419 	 -18.3097108 	 2.97996890000001 	 -329 	 -279
b0383 	 -15.4005352 	 -18.349583 	 2.9490478 	 -328 	 -278
b0383 	 -15.4565991 	 -18.37962625 	 2.92302715000001 	 -327 	 -277
b0383 	 -15.5150616 	 -18.4075191 	 2.8924575 	 -326 	 -276
b0383 	 -15.5655315 	 -18.43538 	 2.8698485 	 -325 	 -275
b0383 	 -15.5921857 	 -18.4632409 	 2.8710552 	 -324 	 -274
b0383 	 -15.603964 	 -18.4964289 	 2.8924649 	 -323 	 -273
b0383 	 -15.5984226 	 -18.52243455 	 2.92401194999999 	 -322 	 -272
b0383 	 -15.5947234 	 -18.5383161 	 2.9435927 	 -321 	 -271
b0383 	 -15.5956858 	 -18.56331805 	 2.96763225 	 -320 	 -270
b0383 	 -15.6038475 	 -18.57712635 	 2.97327885 	 -319 	 -269
b0383 	 -15.6349942 	 -18.58588575 	 2.95089155 	 -318 	 -268
b0383 	 -15.668107 	 -18.58259625 	 2.91448925 	 -317 	 -267
b0383 	 -15.6956371 	 -18.5706921 	 2.87505499999999 	 -316 	 -266
b0383 	 -15.7192837 	 -18.5681583 	 2.84887459999999 	 -315 	 -265
b0383 	 -15.7482274 	 -18.577117 	 2.82888959999999 	 -314 	 -264
b0383 	 -15.7790168 	 -18.5865343 	 2.8075175 	 -313 	 -263
b0383 	 -15.805062 	 -18.5863313 	 2.78126929999999 	 -312 	 -262
b0971 	 -15.9027086 	 -18.7253958 	 2.82268720000001 	 -115 	 -65
b0971 	 -15.8499266 	 -18.75646165 	 2.90653505000001 	 -114 	 -64
b0971 	 -15.8259153 	 -18.7978207 	 2.97190540000001 	 -113 	 -63
b0894 	 -14.5111516 	 -17.2990521 	 2.7879005 	 -197 	 -147
b0894 	 -14.4745539 	 -17.3754807 	 2.9009268 	 -196 	 -146
b0894 	 -14.4559749 	 -17.4351499 	 2.979175 	 -195 	 -145
b0894 	 -14.4347004 	 -17.48392625 	 3.04922585 	 -194 	 -144
b0894 	 -14.4268395 	 -17.53493385 	 3.10809435 	 -193 	 -143
b0894 	 -14.4367982 	 -17.58332485 	 3.14652664999999 	 -192 	 -142
b0894 	 -14.4182831 	 -17.62510685 	 3.20682375 	 -191 	 -141
b0894 	 -14.3842718 	 -17.6461388 	 3.261867 	 -190 	 -140
b0894 	 -14.3494033 	 -17.65499405 	 3.30559075 	 -189 	 -139
b0894 	 -14.3374259 	 -17.66076475 	 3.32333884999999 	 -188 	 -138
b0894 	 -14.3335085 	 -17.66303165 	 3.32952314999999 	 -187 	 -137
b0894 	 -14.3380084 	 -17.6653681 	 3.32735969999999 	 -186 	 -136
b0894 	 -14.3571438 	 -17.6732253 	 3.31608149999999 	 -185 	 -135
b0894 	 -14.3855724 	 -17.6688832 	 3.28331079999999 	 -184 	 -134
b0894 	 -14.4179071 	 -17.652199 	 3.23429189999999 	 -183 	 -133
b0894 	 -14.4185687 	 -17.6407441 	 3.22217539999999 	 -182 	 -132
b0894 	 -14.3903957 	 -17.64410315 	 3.25370745 	 -181 	 -131
b0894 	 -14.3697828 	 -17.66534005 	 3.29555724999999 	 -180 	 -130
b0894 	 -14.3396963 	 -17.6913157 	 3.3516194 	 -179 	 -129
b0894 	 -14.2883992 	 -17.71086275 	 3.42246354999999 	 -178 	 -128
b0894 	 -14.2474968 	 -17.73320115 	 3.48570435 	 -177 	 -127
b0894 	 -14.2155155 	 -17.7644061 	 3.54889059999999 	 -176 	 -126
b0894 	 -14.2120606 	 -17.80848325 	 3.59642264999999 	 -175 	 -125
b0894 	 -14.2324479 	 -17.84920135 	 3.61675344999999 	 -174 	 -124
b0894 	 -14.2423801 	 -17.89410745 	 3.65172735 	 -173 	 -123
b0894 	 -14.2590304 	 -17.94545715 	 3.68642675 	 -172 	 -122
b0894 	 -14.2843501 	 -17.9943689 	 3.7100188 	 -171 	 -121
b0894 	 -14.3022223 	 -18.05238585 	 3.75016355 	 -170 	 -120
b0894 	 -14.3267187 	 -18.11071295 	 3.78399425 	 -169 	 -119
b0894 	 -14.3694255 	 -18.16586335 	 3.79643785 	 -168 	 -118
b0894 	 -14.4277489 	 -18.2239405 	 3.7961916 	 -167 	 -117
b0894 	 -14.4732903 	 -18.27323565 	 3.79994535 	 -166 	 -116
b0894 	 -14.5201701 	 -18.31343865 	 3.79326855 	 -165 	 -115
b0894 	 -14.5614672 	 -18.35681835 	 3.79535115 	 -164 	 -114
b0894 	 -14.6149899 	 -18.40161535 	 3.78662545000001 	 -163 	 -113
b0894 	 -14.6637719 	 -18.4361285 	 3.7723566 	 -162 	 -112
b0894 	 -14.6900427 	 -18.46419805 	 3.77415535 	 -161 	 -111
b0894 	 -14.6877458 	 -18.50043865 	 3.81269285000001 	 -160 	 -110
b0894 	 -14.6829751 	 -18.53787855 	 3.85490345000001 	 -159 	 -109
b0894 	 -14.686054 	 -18.5707601 	 3.88470610000001 	 -158 	 -108
b0894 	 -14.6882157 	 -18.6005571 	 3.91234140000001 	 -157 	 -107
b0894 	 -14.6652833 	 -18.62029955 	 3.95501625000001 	 -156 	 -106
b0894 	 -14.6241179 	 -18.64408525 	 4.01996735000001 	 -155 	 -105
b0894 	 -14.5549825 	 -18.66531455 	 4.11033205000001 	 -154 	 -104
b0894 	 -14.4958058 	 -18.6821661 	 4.18636030000001 	 -153 	 -103
b0894 	 -14.4603809 	 -18.70660035 	 4.24621945000001 	 -152 	 -102
b0894 	 -14.4443922 	 -18.7425271 	 4.29813490000001 	 -151 	 -101
b0894 	 -14.4529373 	 -18.79311175 	 4.34017445000001 	 -150 	 -100
b0894 	 -14.4600727 	 -18.8489633 	 4.38889060000001 	 -149 	 -99
b0894 	 -14.4648734 	 -18.90361555 	 4.43874215 	 -148 	 -98
b0894 	 -14.4612568 	 -18.9556175 	 4.49436070000001 	 -147 	 -97
b0894 	 -14.4417793 	 -18.9973995 	 4.55562020000001 	 -146 	 -96
b0894 	 -14.4433207 	 -19.03198415 	 4.58866345000001 	 -145 	 -95
b0894 	 -14.4723809 	 -19.0672643 	 4.59488340000001 	 -144 	 -94
b0894 	 -14.4989034 	 -19.09996545 	 4.60106205000001 	 -143 	 -93
b0894 	 -14.5255011 	 -19.1197568 	 4.59425570000001 	 -142 	 -92
b0894 	 -14.5706139 	 -19.1371478 	 4.56653390000001 	 -141 	 -91
b0894 	 -14.6370764 	 -19.1534147 	 4.51633830000001 	 -140 	 -90
b0894 	 -14.7119562 	 -19.1775877 	 4.4656315 	 -139 	 -89
b0894 	 -14.7639449 	 -19.19630015 	 4.43235525 	 -138 	 -88
b0894 	 -14.792257 	 -19.20705955 	 4.41480255000001 	 -137 	 -87
b0894 	 -14.8120127 	 -19.19783395 	 4.38582125 	 -136 	 -86
b0894 	 -14.8265352 	 -19.1740087 	 4.34747350000001 	 -135 	 -85
b0894 	 -14.8296367 	 -19.1473169 	 4.31768020000001 	 -134 	 -84
b0894 	 -14.8459562 	 -19.11789395 	 4.27193775000001 	 -133 	 -83
b0894 	 -14.878257 	 -19.0909522 	 4.2126952 	 -132 	 -82
b0894 	 -14.9031894 	 -19.06539015 	 4.16220075 	 -131 	 -81
b0894 	 -14.9090203 	 -19.041065 	 4.1320447 	 -130 	 -80
b0894 	 -14.9282083 	 -19.0219146 	 4.0937063 	 -129 	 -79
b0894 	 -14.9678888 	 -19.01163075 	 4.04374195 	 -128 	 -78
b0894 	 -15.0075693 	 -18.9958544 	 3.9882851 	 -127 	 -77
b0894 	 -15.0272385 	 -18.97473595 	 3.94749745 	 -126 	 -76
b0894 	 -15.0113776 	 -18.9460574 	 3.9346798 	 -125 	 -75
b0894 	 -15.0030768 	 -18.91850295 	 3.91542615000001 	 -124 	 -74
b0894 	 -15.0160505 	 -18.89980375 	 3.88375325 	 -123 	 -73
b0894 	 -15.0315619 	 -18.8949974 	 3.8634355 	 -122 	 -72
b0894 	 -15.0395167 	 -18.9054523 	 3.8659356 	 -121 	 -71
b0894 	 -15.0665243 	 -18.9197568 	 3.85323250000001 	 -120 	 -70
b0894 	 -15.1077875 	 -18.93439405 	 3.82660655 	 -119 	 -69
b0894 	 -15.1318401 	 -18.9601291 	 3.828289 	 -118 	 -68
b0894 	 -15.1432311 	 -18.99161225 	 3.84838115000001 	 -117 	 -67
b0894 	 -15.1696823 	 -19.0092232 	 3.8395409 	 -116 	 -66
b0894 	 -15.2101035 	 -19.022118 	 3.8120145 	 -115 	 -65
b0894 	 -15.2502539 	 -19.0377872 	 3.7875333 	 -114 	 -64
b0894 	 -15.2753441 	 -19.06254855 	 3.78720445 	 -113 	 -63
b0827 	 -15.3159071 	 -18.08082495 	 2.76491785000001 	 -151 	 -101
b0827 	 -15.2843544 	 -18.05300165 	 2.76864725000001 	 -150 	 -100
b0827 	 -15.2252829 	 -18.02939265 	 2.80410975000001 	 -149 	 -99
b0827 	 -15.1471099 	 -18.01116335 	 2.86405345000001 	 -148 	 -98
b0827 	 -15.0769934 	 -17.9850412 	 2.90804780000002 	 -147 	 -97
b0827 	 -15.0121136 	 -17.94169345 	 2.92957985000001 	 -146 	 -96
b0827 	 -14.9462527 	 -17.8832742 	 2.93702150000001 	 -145 	 -95
b0827 	 -14.8727565 	 -17.83086625 	 2.95810975000001 	 -144 	 -94
b0827 	 -14.804061 	 -17.80130985 	 2.99724885000001 	 -143 	 -93
b0827 	 -14.7472677 	 -17.77422335 	 3.02695565 	 -142 	 -92
b0827 	 -14.6775872 	 -17.7363492 	 3.05876200000001 	 -141 	 -91
b0827 	 -14.589136 	 -17.70368935 	 3.11455335 	 -140 	 -90
b0827 	 -14.4869556 	 -17.6664957 	 3.1795401 	 -139 	 -89
b0827 	 -14.3668165 	 -17.62041485 	 3.25359835 	 -138 	 -88
b0827 	 -14.231918 	 -17.57741855 	 3.34550055000001 	 -137 	 -87
b0827 	 -14.0840871 	 -17.548552 	 3.46446490000001 	 -136 	 -86
b0827 	 -13.9469404 	 -17.5154016 	 3.5684612 	 -135 	 -85
b0827 	 -13.823226 	 -17.46834705 	 3.64512105 	 -134 	 -84
b0827 	 -13.6962523 	 -17.4330482 	 3.7367959 	 -133 	 -83
b0827 	 -13.5634251 	 -17.40299365 	 3.83956855 	 -132 	 -82
b0827 	 -13.4273121 	 -17.383379 	 3.9560669 	 -131 	 -81
b0827 	 -13.2997481 	 -17.3587587 	 4.0590106 	 -130 	 -80
b0827 	 -13.1806014 	 -17.3272099 	 4.14660849999999 	 -129 	 -79
b0827 	 -13.0757329 	 -17.30539225 	 4.22965935 	 -128 	 -78
b0827 	 -13.0070674 	 -17.31218555 	 4.30511815 	 -127 	 -77
b0827 	 -12.9599207 	 -17.3345033 	 4.3745826 	 -126 	 -76
b0827 	 -12.9314395 	 -17.36761805 	 4.43617854999999 	 -125 	 -75
b0827 	 -12.9249583 	 -17.41532115 	 4.49036285 	 -124 	 -74
b0827 	 -12.9392552 	 -17.46136635 	 4.52211114999999 	 -123 	 -73
b0827 	 -12.9630296 	 -17.49523485 	 4.53220525 	 -122 	 -72
b0827 	 -12.9796047 	 -17.52157325 	 4.54196854999999 	 -121 	 -71
b0827 	 -12.9884806 	 -17.54859585 	 4.56011524999999 	 -120 	 -70
b0827 	 -13.0092287 	 -17.56390795 	 4.55467924999999 	 -119 	 -69
b0827 	 -13.0448979 	 -17.57947 	 4.53457209999999 	 -118 	 -68
b0827 	 -13.1220746 	 -17.59365235 	 4.47157774999999 	 -117 	 -67
b0827 	 -13.216428 	 -17.60610725 	 4.38967924999999 	 -116 	 -66
b0827 	 -13.2995295 	 -17.61073885 	 4.31120934999999 	 -115 	 -65
b0827 	 -13.3856499 	 -17.60062235 	 4.21497244999999 	 -114 	 -64
b0827 	 -13.4637138 	 -17.5798536 	 4.11613979999999 	 -113 	 -63
b0781 	 -15.4883178 	 -18.24889995 	 2.76058215 	 -161 	 -111
b0781 	 -15.3569116 	 -18.21889995 	 2.86198835 	 -160 	 -110
b0781 	 -15.2533137 	 -18.19694885 	 2.94363515 	 -159 	 -109
b0781 	 -15.1781896 	 -18.17952025 	 3.00133065 	 -158 	 -108
b0781 	 -15.1364452 	 -18.16043375 	 3.02398855 	 -157 	 -107
b0781 	 -15.1504565 	 -18.1445522 	 2.9940957 	 -156 	 -106
b0781 	 -15.1815806 	 -18.1315146 	 2.949934 	 -155 	 -105
b0781 	 -15.2050694 	 -18.12112555 	 2.91605615 	 -154 	 -104
b0781 	 -15.2234002 	 -18.11593385 	 2.89253365 	 -153 	 -103
b0781 	 -15.246889 	 -18.1181049 	 2.8712159 	 -152 	 -102
b0781 	 -15.2518627 	 -18.12780605 	 2.87594335 	 -151 	 -101
b0781 	 -15.2544378 	 -18.1282064 	 2.8737686 	 -150 	 -100
b0781 	 -15.2666108 	 -18.12860675 	 2.86199595 	 -149 	 -99
b0781 	 -15.3121635 	 -18.13717815 	 2.82501465 	 -148 	 -98
b0972 	 -16.0315993 	 -18.8868739 	 2.85527460000002 	 -209 	 -159
b0972 	 -15.8561631 	 -18.9322875 	 3.07612440000001 	 -208 	 -158
b0972 	 -15.6977119 	 -18.98150745 	 3.28379555000001 	 -207 	 -157
b0972 	 -15.5656254 	 -19.0298778 	 3.46425240000001 	 -206 	 -156
b0972 	 -15.4573659 	 -19.07439855 	 3.61703265000001 	 -205 	 -155
b0972 	 -15.3536215 	 -19.1071636 	 3.75354210000001 	 -204 	 -154
b0972 	 -15.243159 	 -19.1425772 	 3.89941820000001 	 -203 	 -153
b0972 	 -15.1278958 	 -19.17301145 	 4.04511565000001 	 -202 	 -152
b0972 	 -15.0356176 	 -19.1950697 	 4.15945210000001 	 -201 	 -151
b0972 	 -14.9676928 	 -19.20913925 	 4.24144645000001 	 -200 	 -150
b0972 	 -14.9059371 	 -19.2188554 	 4.31291830000001 	 -199 	 -149
b0972 	 -14.8528882 	 -19.21844745 	 4.36555925000001 	 -198 	 -148
b0972 	 -14.8155611 	 -19.21156395 	 4.39600285000001 	 -197 	 -147
b0972 	 -14.8087717 	 -19.20484585 	 4.39607415000001 	 -196 	 -146
b0972 	 -14.8172942 	 -19.1945168 	 4.37722260000001 	 -195 	 -145
b0972 	 -14.8359145 	 -19.18658635 	 4.35067185000001 	 -194 	 -144
b0972 	 -14.8814259 	 -19.17918405 	 4.29775815000001 	 -193 	 -143
b0972 	 -14.919738 	 -19.1727761 	 4.25303810000001 	 -192 	 -142
b0972 	 -14.9318245 	 -19.17281175 	 4.24098725000001 	 -191 	 -141
b0972 	 -14.9446291 	 -19.1721632 	 4.22753410000001 	 -190 	 -140
b0972 	 -14.9673472 	 -19.1669113 	 4.19956410000001 	 -189 	 -139
b0972 	 -15.0039075 	 -19.1556744 	 4.15176690000001 	 -188 	 -138
b0972 	 -15.0403287 	 -19.14917625 	 4.10884755000001 	 -187 	 -137
b0972 	 -15.0667912 	 -19.14627775 	 4.07948655000001 	 -186 	 -136
b0972 	 -15.0932537 	 -19.1515503 	 4.05829660000001 	 -185 	 -135
b0972 	 -15.1353328 	 -19.16806345 	 4.03273065000001 	 -184 	 -134
b0972 	 -15.1851111 	 -19.195118 	 4.01000690000001 	 -183 	 -133
b0972 	 -15.2215323 	 -19.2276331 	 4.00610080000001 	 -182 	 -132
b0972 	 -15.2334984 	 -19.26323275 	 4.02973435000001 	 -181 	 -131
b0972 	 -15.2212615 	 -19.3057648 	 4.08450330000001 	 -180 	 -130
b0972 	 -15.2003443 	 -19.3373212 	 4.13697690000001 	 -179 	 -129
b0972 	 -15.2055323 	 -19.35686825 	 4.15133595000001 	 -178 	 -128
b0972 	 -15.2513406 	 -19.3747837 	 4.12344310000001 	 -177 	 -127
b0972 	 -15.311491 	 -19.39914275 	 4.08765175000001 	 -176 	 -126
b0972 	 -15.3688068 	 -19.4268928 	 4.05808600000001 	 -175 	 -125
b0972 	 -15.4152354 	 -19.4517161 	 4.03648070000001 	 -174 	 -124
b0972 	 -15.4384873 	 -19.46698865 	 4.02850135000001 	 -173 	 -123
b0972 	 -15.4617392 	 -19.47848115 	 4.01674195 	 -172 	 -122
b0972 	 -15.4934084 	 -19.48558265 	 3.99217425000001 	 -171 	 -121
b0972 	 -15.5034423 	 -19.5001334 	 3.9966911 	 -170 	 -120
b0972 	 -15.5005438 	 -19.51701495 	 4.01647115000001 	 -169 	 -119
b0972 	 -15.5076792 	 -19.53392845 	 4.02624925 	 -168 	 -118
b0972 	 -15.5316566 	 -19.5608965 	 4.02923990000001 	 -167 	 -117
b0972 	 -15.5721378 	 -19.5915018 	 4.019364 	 -166 	 -116
b0972 	 -15.601168 	 -19.61085325 	 4.00968525 	 -165 	 -115
b0972 	 -15.5804199 	 -19.63499235 	 4.05457245 	 -164 	 -114
b0972 	 -15.5375779 	 -19.6515281 	 4.1139502 	 -163 	 -113
b0972 	 -15.4823786 	 -19.65944725 	 4.17706865 	 -162 	 -112
b0972 	 -15.4194801 	 -19.668171 	 4.24869090000001 	 -161 	 -111
b0972 	 -15.354183 	 -19.67449615 	 4.32031315 	 -160 	 -110
b0972 	 -15.3041417 	 -19.68634205 	 4.38220035 	 -159 	 -109
b0972 	 -15.2583447 	 -19.693171 	 4.43482630000001 	 -158 	 -108
b0972 	 -15.2142282 	 -19.68051875 	 4.46629055000001 	 -157 	 -107
b0972 	 -15.1846981 	 -19.65259395 	 4.46789585 	 -156 	 -106
b0972 	 -15.1719613 	 -19.61962025 	 4.44765895 	 -155 	 -105
b0972 	 -15.1802321 	 -19.59428945 	 4.41405735 	 -154 	 -104
b0972 	 -15.1908411 	 -19.5642312 	 4.37339010000001 	 -153 	 -103
b0972 	 -15.2276757 	 -19.5248026 	 4.2971269 	 -152 	 -102
b0972 	 -15.2903299 	 -19.4899078 	 4.1995779 	 -151 	 -101
b0972 	 -15.3689615 	 -19.45238705 	 4.08342555 	 -150 	 -100
b0972 	 -15.4602286 	 -19.4152573 	 3.9550287 	 -149 	 -99
b0972 	 -15.5767663 	 -19.3833625 	 3.8065962 	 -148 	 -98
b0972 	 -15.7263868 	 -19.35087 	 3.6244832 	 -147 	 -97
b0972 	 -15.8945072 	 -19.31289435 	 3.41838715 	 -146 	 -96
b0972 	 -16.0764924 	 -19.27477025 	 3.19827785 	 -145 	 -95
b0972 	 -16.2494361 	 -19.2418435 	 2.9924074 	 -144 	 -94
b0972 	 -16.3969701 	 -19.2246179 	 2.8276478 	 -143 	 -93
